1.60485 19.9148
1.65266 21.2974
1.69867 22.3853
1.74827 23.5205
1.79607 24.0657
1.84587 24.3706
1.89340 24.6794
1.94063 24.9921
1.99028 25.3088
2.04186 25.6058
2.09089 24.7610
2.14070 23.9440
2.19300 22.6987
2.24293 22.0230
2.29311 21.8015
2.34925 21.5822
2.40467 21.3651
2.46008 21.1654
2.51305 21.2060
2.56285 21.2467
2.61171 21.2874
2.65883 21.3282
2.71084 21.3691
2.75995 21.4101
2.81095 21.4512
2.86318 21.4948
2.91690 21.5673
2.96820 21.6400
3.02182 21.7129
3.07282 21.7861
3.12454 21.8596
3.17922 21.9333
3.23317 22.0341
3.28577 22.2123
3.33964 22.3919
3.39269 22.5730
3.44702 22.7555
3.50070 22.9396
3.55453 23.0789
3.60891 23.1826
3.66117 23.2868
3.71466 23.3915
3.76779 23.4966
3.82409 23.6023
3.87770 23.7083
3.92998 23.6185
3.98286 23.4606
4.03368 23.3038
4.08293 23.1480
4.13448 23.1605
4.18654 23.9318
4.23403 24.2551
4.28424 24.5827
4.33660 24.9147
4.38889 25.2512
4.44068 25.2641
4.49322 24.9259
4.54491 24.5923
4.59491 24.2631
4.64646 23.9383
4.69750 23.2493
4.74798 22.5575
4.79869 22.0325
4.84942 21.5937
4.90026 21.5263
4.95086 22.0625
5.00238 22.6120
5.05291 23.1752
5.10243 23.5381
5.15286 23.8977
5.20255 24.2628
5.25491 24.6334
5.30431 25.6336
5.35281 27.3138
5.40170 28.3406
5.45692 29.4060
5.50633 30.7171
5.55940 32.0867
5.60677 32.4136
5.65890 32.3203
5.70828 32.2273
5.75828 32.1345
5.80793 32.0419
5.85722 31.9497
5.90399 31.8577
5.95453 31.7660
6.00539 31.8737
6.05285 32.0452
6.10223 32.2177
6.15286 32.3910
6.20294 32.5653
6.25291 32.7498
6.30391 33.0812
6.35271 33.4161
6.40322 33.7543
6.45173 34.0959
6.50026 34.7370
6.55124 35.6944
6.60120 36.6782
6.65195 37.6891
6.69864 38.7279
6.74491 39.3164
6.79598 39.8937
6.84265 40.4795
6.89002 41.0739
6.93752 41.6770
6.98728 42.1198
7.03550 42.0844
7.08526 42.0491
7.13409 42.0137
7.18301 41.9784
7.23182 41.9432
7.28014 41.9079
7.32560 41.8727
7.37382 41.8375
7.42259 41.7632
7.47036 41.4839
7.51769 41.2066
7.56356 40.9311
7.61258 40.6574
7.66230 40.3856
7.70853 40.1156
7.75491 39.7323
7.80364 39.1114
7.85305 38.5003
7.89939 37.8987
7.94610 37.5252
7.99497 37.1742
8.04514 36.8266
8.09636 36.4821
8.14309 36.1409
8.19362 35.9831
8.24087 36.4692
8.28750 36.9619
8.33607 37.4613
8.38600 37.9674
8.43563 39.0029
8.48209 40.3460
8.52900 42.6360
8.57554 46.1987
8.62401 49.0743
8.67170 52.1290
8.71972 50.5041
8.76669 48.8380
8.81500 45.4848
8.86037 40.4506
8.90540 35.8844
8.95177 32.7766
8.99748 30.4490
9.04449 31.3867
9.09139 32.3532
9.13792 33.3495
9.18333 34.3764
9.22482 35.2661
9.27121 36.0637
9.31725 36.8794
9.36246 37.8048
9.40672 39.1823
9.45046 40.6101
9.49897 42.0899
9.54376 41.1758
9.58616 39.5537
9.63103 37.9954
9.67580 36.4036
9.71984 34.7173
9.76450 33.2618
9.81079 33.5983
9.85736 33.9382
9.90282 34.2815
9.94792 34.6283
9.99388 34.5842
10.03753 34.1805
10.08290 33.7815
10.12393 33.3872
10.16889 32.9975
10.21512 32.4170
10.25986 31.8387
10.30302 31.2707
10.34898 31.2971
10.39610 31.7909
10.44056 32.2924
10.48315 32.7916
10.52373 33.2347
10.56796 33.6838
10.61253 34.1390
10.65668 34.6004
10.69924 34.0591
10.74333 32.8251
10.78542 31.3504
10.82709 29.5362
10.86924 28.9442
10.91342 28.3642
10.95596 27.7957
11.00045 27.7316
11.04198 27.8248
11.08577 27.9183
11.12807 28.0121
11.17179 28.1062
11.21323 28.2006
11.25703 28.2954
11.29864 30.2912
11.34065 32.2724
11.38514 33.4604
11.42914 34.2217
11.46995 35.0004
11.51074 35.0917
11.55430 33.0351
11.59724 31.0990
11.63953 29.1822
11.68324 27.3799
11.72621 25.5137
11.76791 25.3874
11.81070 26.7874
11.85651 28.2647
11.89995 29.7201
11.94461 30.4647
11.98819 31.2280
12.03317 32.0104
12.07929 32.8622
12.12595 33.7566
12.17356 34.2849
12.21741 34.3232
12.26164 34.3616
12.30965 34.4000
12.35732 34.4385
12.40319 34.4770
12.44733 34.5156
12.49291 36.5331
12.54017 41.0079
12.58932 47.2518
12.63738 54.5852
12.68273 63.1925
12.72748 71.7851
12.77430 75.1030
12.82245 78.0138
12.86731 81.0375
12.91378 81.6289
12.96092 79.7342
13.00691 77.5966
13.05245 74.5342
13.09942 71.5928
13.14579 68.5509
13.19274 65.6251
13.24002 60.4317
13.28742 54.6000
13.33498 48.1040
13.38383 41.5880
13.43215 38.0743
13.47894 34.8575
13.52503 33.8926
13.57327 32.9950
13.62320 32.1211
13.67054 31.9834
13.71744 32.4155
13.76372 32.8534
13.80841 33.2972
13.85283 33.7470
13.89867 34.2050
13.94332 34.6693
13.98601 35.1398
14.03178 35.6168
14.07773 36.6040
14.12340 38.2358
14.16808 40.0612
14.21468 42.5555
14.25801 45.2051
14.29993 50.3962
14.34451 56.4857
14.38840 64.5077
14.43397 74.5194
14.47636 87.8777
14.52123 106.9835
14.56673 125.5100
14.61301 134.2210
14.66037 143.5366
14.70502 153.4987
14.75038 159.1414
14.79372 162.3775
14.84055 165.6793
14.88697 169.0483
14.93655 172.8721
14.98083 180.3775
15.02836 188.2088
15.07387 196.3800
15.11866 217.4343
15.16486 234.5773
15.21129 242.5812
15.25967 250.8582
15.30701 260.7207
15.35412 279.4407
15.40121 299.5049
15.44864 321.0096
15.49592 351.0547
15.54289 386.9291
15.59180 384.5993
15.63791 335.1708
15.68374 297.7363
15.73071 292.4253
15.77792 287.2091
15.82657 282.0859
15.87260 306.3073
15.91887 343.3204
15.96578 357.9051
16.01452 344.9366
16.06118 340.5667
16.10564 370.3657
16.15084 402.7722
16.19664 409.0162
16.24384 412.8905
16.28930 416.8014
16.33559 420.7495
16.38355 424.7349
16.43230 431.7108
16.48326 448.4426
16.53245 465.8229
16.57956 483.8768
16.62727 506.3319
16.67793 530.6831
16.72785 556.2055
16.77773 582.9553
16.82585 609.9264
16.87489 634.9841
16.92219 661.0713
16.96897 688.2302
17.01513 709.5470
17.06482 730.1656
17.11117 751.3833
17.16109 773.2176
17.21063 794.7225
17.26004 814.5188
17.30944 834.8082
17.35919 855.6031
17.41199 880.3750
17.46040 906.3506
17.50880 933.0927
17.55658 950.7968
17.60184 957.2125
17.65013 963.6715
17.69867 970.1741
17.74609 976.7206
17.79484 983.3112
17.84516 989.9464
17.89498 996.6263
17.94455 1003.3512
17.99216 1013.5382
18.04046 1029.9932
18.08950 1046.7153
18.13933 1063.7090
18.18883 1080.9785
18.23841 1098.5284
18.28750 1110.1791
18.33615 1118.7473
18.38380 1127.3817
18.42895 1136.0828
18.47419 1144.8510
18.52195 1153.6868
18.57095 1162.5909
18.61955 1171.5637
18.66833 1190.9335
18.71653 1215.1511
18.76547 1239.8611
18.81454 1265.0736
18.86462 1287.3681
18.91193 1288.8129
18.95940 1290.2593
19.00961 1291.7073
19.05892 1293.1569
19.10548 1294.6082
19.15405 1296.0611
19.20182 1293.5732
19.24870 1282.7682
19.29795 1272.0534
19.34867 1261.4282
19.39850 1250.8916
19.44630 1265.4695
19.49445 1288.3180
19.54360 1311.5791
19.59223 1331.7307
19.64140 1345.2625
19.69068 1358.9317
19.73859 1372.7399
19.78555 1386.6883
19.83249 1370.2359
19.88121 1346.5371
19.93288 1323.2481
19.98249 1300.3619
20.03103 1277.8716
20.07865 1257.9630
20.12893 1257.9630
20.17900 1257.9630
20.23058 1257.9630
20.28181 1257.9630
20.33274 1257.9630
20.38446 1257.9630
20.43659 1257.9630
20.48635 1258.6723
20.53443 1263.7501
20.58457 1268.8484
20.63725 1273.9673
20.69004 1279.1069
20.74201 1284.2672
20.79103 1297.3405
20.84061 1320.7645
20.89062 1344.6114
20.94077 1368.4911
20.99196 1373.1038
21.04290 1377.7321
21.09246 1382.3760
21.14131 1387.0356
21.18981 1391.7108
21.24058 1396.4018
21.29283 1403.9293
21.34255 1422.8980
21.38990 1442.1229
21.43832 1461.6076
21.48944 1481.3556
21.54114 1501.3704
21.59104 1516.5811
21.64101 1526.8371
21.69212 1537.1624
21.74214 1547.5575
21.79037 1558.0229
21.83900 1518.7986
21.89173 1478.5744
21.94464 1428.5101
21.99977 1375.2105
22.05019 1323.8995
22.10132 1277.6153
22.15423 1241.5377
22.20386 1206.4789
22.25163 1172.4100
22.30456 1139.3032
22.35525 1115.7341
22.40191 1095.9465
22.45142 1076.5098
22.50209 1057.4178
22.55309 1038.6645
22.60442 1020.2437
22.65422 1002.1496
22.70419 988.2251
22.75458 975.0126
22.80496 961.9769
22.85465 949.1154
22.90473 936.4259
22.95512 923.9060
23.00496 912.5961
23.05298 917.7136
23.10061 922.8598
23.15109 928.0348
23.20030 933.2389
23.25046 938.4721
23.30162 943.7347
23.35510 949.5406
23.40595 957.2175
23.45657 964.9565
23.50676 972.7580
23.55712 980.6226
23.60858 988.5507
23.65940 1012.3145
23.71075 1051.7845
23.76329 1092.7935
23.81733 1130.5921
23.87379 1133.8483
23.92623 1137.1139
23.97627 1140.3888
24.02717 1143.6732
24.08027 1146.9671
24.13038 1150.2704
24.18098 1153.5833
24.23050 1156.2422
24.28067 1154.8300
24.33284 1153.4196
24.38498 1152.0110
24.43911 1150.6040
24.48939 1149.1988
24.53705 1147.7952
24.58857 1146.3934
24.64317 1144.9933
24.69788 1143.5949
24.75068 1142.1982
24.80268 1140.8033
24.85327 1139.4100
24.90509 1150.8411
24.95702 1170.3968
25.00946 1190.2848
25.06298 1210.5107
25.11583 1231.5358
25.16660 1258.2665
25.21701 1285.5775
25.27007 1313.4812
25.32440 1341.9907
25.37883 1371.1189
25.43035 1401.3557
25.48247 1433.0543
25.53376 1465.4698
25.58497 1498.6186
25.63617 1512.1406
25.68792 1524.9340
25.74277 1537.8356
25.79672 1550.8464
25.85073 1547.0650
25.90535 1520.3078
25.95672 1494.0133
26.00858 1468.1737
26.06246 1442.7809
26.11405 1417.8273
26.16694 1412.2844
26.22065 1414.1843
26.27361 1416.0868
26.32913 1417.9919
26.38243 1419.8995
26.43427 1421.8097
26.48755 1423.7225
26.54024 1425.6379
26.59394 1427.5558
26.64881 1429.4763
26.70318 1431.3993
26.75537 1426.9613
26.80681 1410.3025
26.85927 1393.8381
26.91277 1377.5660
26.96723 1361.4838
27.02217 1319.2686
27.07789 1271.2594
27.13306 1224.9972
27.18624 1180.4186
27.23718 1136.5910
27.28690 1091.7382
27.33540 1048.6555
27.38809 1010.5228
27.44376 973.9074
27.49630 948.5214
27.54973 928.3709
27.60257 908.6485
27.65198 889.3451
27.70027 870.4518
27.75189 851.9598
27.80652 840.4018
27.86238 829.1328
27.91570 818.0149
27.96756 821.3430
28.02317 835.2381
28.07734 849.3682
28.12899 863.7374
28.18113 878.0107
28.23521 875.7992
28.28736 873.5932
28.33795 871.3928
28.38849 869.1979
28.43849 867.0085
28.49021 864.8247
28.54422 862.6464
28.59865 860.4735
28.65280 858.3062
28.70771 839.2717
28.76141 819.2402
28.81281 799.6869
28.86700 780.6002
28.92046 761.9690
28.97513 748.6692
29.03082 752.8799
29.08706 757.1142
29.14064 761.3723
29.19440 765.6545
29.24959 769.9607
29.30683 774.2911
29.36464 784.5848
29.42308 804.1284
29.48001 824.1589
29.53518 844.6882
29.58891 879.1158
29.64262 915.2332
29.69507 980.0702
29.74782 1040.5245
29.80203 1086.9136
29.86025 1125.8303
29.91516 1141.1092
29.96880 1156.5955
30.02552 1172.2919
30.08059 1188.2013
30.13638 1180.5897
30.19107 1164.8510
30.24261 1149.3222
30.29503 1134.0004
30.34803 1116.1832
30.39927 1086.6218
30.45117 1057.8433
30.50361 1029.8271
30.55649 1002.5528
30.60950 981.0404
30.66145 963.0246
30.71338 945.3397
30.76528 927.9796
30.81612 913.0862
30.86530 923.0972
30.91742 933.2180
30.97313 943.4497
31.02823 953.7937
31.08562 964.2510
31.14334 974.8230
31.19795 985.5109
31.25117 996.3160
31.30698 1007.2396
31.36152 977.8368
31.41517 947.6905
31.47022 918.4736
31.52643 884.6781
31.58378 847.6559
31.64252 812.1830
31.70071 774.4538
31.75598 716.9380
31.81053 663.6937
31.86682 639.1163
31.92131 619.4127
31.97387 600.3165
32.02693 592.5069
32.08277 598.5185
32.14025 604.5910
32.19527 610.7252
32.25098 616.9215
32.30567 623.1808
32.35860 629.5036
32.41286 654.6700
32.46836 693.0968
32.52351 725.0422
32.58171 741.0280
32.64001 757.3661
32.69830 774.0646
32.75358 791.1311
32.80900 769.0167
32.86370 737.0193
32.91740 706.3533
32.97304 686.5678
33.02776 684.2613
33.08193 681.9626
33.13488 679.6716
33.18914 677.3883
33.24380 675.1127
33.29845 672.8447
33.35230 669.3741
33.40930 664.8975
33.46609 660.4508
33.52117 656.0339
33.57500 651.6464
33.62802 665.6969
33.68204 680.4397
33.73394 695.5089
33.78419 710.9118
33.83705 723.4142
33.89124 731.9592
33.94543 740.6052
33.99962 749.3534
34.05440 758.2048
34.10783 747.0437
34.16130 733.3845
34.21751 719.9751
34.27450 706.8109
34.33317 688.0182
34.39069 657.7446
34.44494 628.8031
34.50031 601.1351
34.55658 549.3800
34.61000 508.0340
34.66646 485.2431
34.72323 470.8095
34.78092 456.8052
34.83667 443.2175
34.89235 431.0353
34.94809 430.5521
35.00150 430.0695
35.05305 429.5873
35.10653 429.1058
35.16391 428.6247
35.21862 428.1442
35.27175 428.2557
35.32657 430.0555
35.38344 431.8629
35.43848 433.6779
35.49103 435.5005
35.54642 437.3308
35.60354 439.1687
35.65688 441.0144
35.71011 442.8678
35.76426 446.3593
35.81967 460.1045
35.87474 474.2729
35.93032 488.8777
35.98391 503.9322
36.03825 509.4966
36.09371 508.5208
36.15087 507.5469
36.20715 506.5748
36.26316 505.6046
36.31728 504.6362
36.37234 503.6697
36.42775 502.7051
36.48369 491.9522
36.53856 475.6499
36.59262 459.8879
36.64863 444.6481
36.70420 429.1114
36.75822 405.3205
36.81407 382.8486
36.86880 356.8020
36.92354 331.4136
36.97776 315.0034
37.02907 305.8389
37.08423 296.9409
37.14111 288.3019
37.19763 279.9142
37.25071 271.7705
37.30408 263.3255
37.35872 255.0287
37.41403 246.9932
37.47111 239.2109
37.52585 230.8503
37.58064 220.7509
37.63362 211.0933
37.68699 201.8582
37.73929 194.5179
37.79374 187.6793
37.84562 181.0811
37.89806 176.6486
37.95444 174.7556
38.01076 172.8829
38.06257 171.0302
38.11247 169.1974
38.16603 167.3843
38.22292 164.6269
38.28040 161.6167
38.33545 158.6617
38.39080 155.7606
38.44505 153.9421
38.50004 156.2841
38.55399 158.6616
38.60851 161.0753
38.66294 163.5257
38.71749 172.0009
38.77215 184.5571
38.82585 198.0743
38.87886 212.6663
38.93516 227.9364
38.99183 240.5070
39.04661 253.7709
39.09797 267.0305
39.15432 280.8132
39.21124 302.3454
39.26763 332.1261
39.32140 361.9873
39.37454 385.8146
39.42820 411.2104
39.48182 472.7088
39.53767 500.2186
39.59445 520.8925
39.65000 542.4208
39.70364 558.1492
39.75743 565.6904
39.81139 573.3336
39.86348 580.9017
39.91613 579.7891
39.96932 578.6786
40.02272 577.5702
40.07714 576.4640
40.13103 575.3599
40.18340 574.2578
40.23647 573.1579
40.28856 572.1297
40.34172 572.7717
40.39219 573.4145
40.44280 574.0580
40.49614 574.7023
40.55035 575.3472
40.60504 575.9929
40.65598 574.2885
40.70693 564.3559
40.75910 554.5952
40.81033 545.0032
40.86157 535.5772
40.91361 526.3142
40.96384 513.4457
41.01303 497.5245
41.06313 482.0970
41.11367 467.9112
41.16503 459.6129
41.21681 451.4617
41.26674 443.4552
41.31861 445.2443
41.36989 451.2600
41.42246 457.3571
41.47658 463.5365
41.52597 469.7994
41.58185 476.1470
41.63661 494.0481
41.69103 512.6222
41.74311 525.5425
41.79526 536.2770
41.84874 547.2308
41.90093 558.4083
41.95348 568.6591
42.00586 573.7698
42.05839 578.9264
42.11162 584.1294
42.16395 581.2057
42.21685 575.7521
42.26878 570.3497
42.31926 564.9980
42.37074 559.6965
42.42234 553.3757
42.47465 535.1170
42.52840 517.4607
42.58455 480.6409
42.64231 441.9700
42.69881 405.7017
42.75604 371.8101
42.81204 344.0584
42.86509 328.2710
42.91676 313.2079
42.96946 300.7673
43.02326 288.8983
43.07541 287.8300
43.12520 291.7419
43.17613 295.7069
43.22727 300.4710
43.27963 307.2678
43.33363 314.2184
43.38289 321.3262
43.42973 329.4806
43.47674 337.9900
43.52527 346.7192
43.57571 355.6738
43.62641 364.8597
43.67551 375.0473
43.72418 389.6705
43.77254 404.8639
43.82161 420.6497
43.87348 433.2781
43.92696 445.0653
43.97920 457.1732
44.03162 469.6105
44.08544 482.3862
44.14083 494.9112
44.19956 498.2434
44.26067 501.5980
44.31910 491.0410
44.37473 476.9273
44.42714 463.2193
44.48107 449.9053
44.53725 436.9739
44.59368 424.4143
44.64979 412.2156
44.70411 392.7366
44.75844 373.8782
44.81319 355.9253
44.86919 337.4051
44.92461 318.6987
44.97962 304.1442
45.03455 298.8838
45.08811 293.7144
45.14207 288.6345
45.19427 283.6424
45.24855 278.7366
45.30308 269.6470
45.35758 257.6545
45.41300 246.1954
45.46866 235.2459
45.52464 224.7767
45.57918 214.4624
45.63599 204.6214
45.69311 195.2320
45.74952 188.0700
45.80333 182.3337
45.85701 176.7724
45.91029 171.3807
45.96005 166.1535
46.01314 161.0857
46.06847 155.8028
46.12380 150.6621
46.17638 145.6910
46.23245 140.8839
46.28778 137.3369
46.34208 135.8094
46.39615 134.2988
46.44870 132.8051
46.49824 134.5771
46.54776 136.5856
46.60073 138.6242
46.65443 140.6931
46.70768 142.7930
46.76219 146.3961
46.82162 154.4699
46.87723 162.9889
46.93142 173.1122
46.98561 183.8890
47.03979 190.8025
47.09462 195.9933
47.15086 201.3254
47.20524 203.5259
47.25670 197.4720
47.30728 191.5982
47.35993 185.8991
47.41461 180.3696
47.46841 181.7720
47.52369 185.9082
47.57808 190.1385
47.63283 195.9940
47.68737 205.4199
47.73770 215.2992
47.78751 225.6536
47.83920 248.2130
47.89042 274.4974
47.94310 305.4657
48.00079 341.2306
48.05721 376.4295
48.11352 405.2663
48.17063 434.9113
48.22575 443.7946
48.28055 452.8594
48.33418 462.1093
48.38625 471.5481
48.43698 469.5473
48.48884 457.1115
48.54108 445.0051
48.59798 433.2193
48.65412 421.7457
48.70651 410.5759
48.76411 414.1078
48.82106 420.9289
48.87225 427.8623
48.92326 434.9100
48.97410 442.0738
49.02773 449.3555
49.08249 456.7572
49.13794 464.2808
49.19288 457.3570
49.24726 448.2420
49.30339 439.3087
49.36062 430.5534
49.41622 421.9726
49.47129 415.7915
49.52441 421.4258
49.57732 427.1365
49.63022 432.9246
49.68292 438.7912
49.73503 444.7372
49.78851 450.7638
49.84277 449.6275
49.89640 434.7922
49.95199 420.4463
50.00891 406.5738
50.06330 396.8166
50.11505 387.6054
50.16747 384.0662
50.21819 383.6356
50.27220 383.2055
50.32784 382.7759
50.38338 382.3468
50.43650 381.9182
50.48719 381.4900
50.53924 370.3824
50.59492 357.3613
50.65037 344.7980
50.70453 331.6362
50.75762 317.4821
50.81073 304.4219
50.86372 295.3669
50.91773 286.5813
50.97057 278.8195
51.02285 271.4096
51.07726 264.1966
51.13281 257.1753
51.18747 250.3406
51.24226 244.8902
51.29707 245.8309
51.35088 246.7753
51.40506 247.7233
51.45901 248.6749
51.51048 249.6302
51.56239 250.5892
51.61509 251.5519
51.66972 250.5218
51.72631 240.6357
51.78107 231.1397
51.83421 219.2591
51.88832 207.7003
51.94336 202.5270
51.99467 200.7232
52.04497 198.9354
52.09567 197.8439
52.14761 199.1759
52.20332 200.5170
52.25709 201.8670
52.31147 203.2262
52.36558 204.5945
52.41836 205.9720
52.47045 207.3588
52.52406 207.4100
52.57661 203.2582
52.62989 199.1896
52.68182 195.2023
52.73502 191.2949
52.78614 186.8182
52.83803 182.1759
52.89178 177.6490
52.94786 173.2346
53.00255 168.8873
53.05460 164.3950
53.10851 160.0222
53.16280 155.7656
53.21605 151.6223
53.26853 149.1930
53.31952 147.8642
53.37119 146.5472
53.42248 145.8983
53.47264 148.2669
53.52348 150.6740
53.57598 153.1201
53.63041 155.6060
53.68708 158.1322
53.74242 160.7569
53.79412 163.4885
53.84517 166.2666
53.89753 169.0918
53.94975 171.9651
54.00328 178.7787
54.05755 186.1236
54.11182 193.3416
54.16347 200.6106
54.21425 209.4841
54.26427 221.0373
54.31658 234.5617
54.36969 262.0247
54.42238 292.7030
54.47568 301.0698
54.52876 304.1156
54.58221 301.7729
54.63681 294.9423
54.69257 288.2663
54.74749 281.7414
54.80000 275.3641
54.84978 269.1313
54.90253 272.9548
54.95449 278.5052
55.00499 284.1684
55.05676 290.5182
55.11026 297.7550
55.16237 305.1721
55.21599 312.8718
55.26962 325.7256
55.32173 339.1076
55.37508 355.7960
55.42789 374.3274
55.47850 390.1628
55.52884 402.5740
55.58032 415.3801
55.63297 427.7459
55.68783 427.0290
55.74420 426.3132
55.79945 425.5986
55.85273 424.8852
55.90795 422.1547
55.96299 417.4459
56.01696 412.7896
56.07169 408.1853
56.12559 403.6323
56.17743 399.1301
56.22715 394.6781
56.27798 387.9173
56.33072 380.1862
56.38473 372.6093
56.43746 365.1833
56.49147 357.7867
56.54430 349.6881
56.59597 341.7729
56.64955 334.0368
56.70218 326.4758
56.75566 319.0860
56.80651 305.4046
56.86003 284.6269
56.91310 264.9780
56.96657 245.2988
57.02139 227.0812
57.07529 218.4424
57.12742 211.2350
57.17731 204.2655
57.22859 199.3633
57.27769 196.7053
57.32851 194.0828
57.38377 191.7360
57.43924 195.2185
57.49120 198.7642
57.54229 202.3744
57.59561 205.4471
57.64813 208.2230
57.69877 211.0363
57.75212 213.8877
57.80856 215.7714
57.86403 206.3316
57.91786 197.3048
57.97000 188.6730
58.02213 171.5863
58.07192 152.0637
58.12435 138.0402
58.17436 130.3210
58.22608 123.8575
58.27838 123.6203
58.32973 123.3835
58.38029 123.1471
58.43376 122.9113
58.48869 122.6758
58.54070 122.4409
58.59024 122.2063
58.64001 122.3494
58.69145 124.8374
58.74205 127.3761
58.79343 129.9663
58.84622 133.1013
58.90023 136.5082
58.95324 140.0024
59.00626 143.5861
59.05743 147.0955
59.10757 149.9190
59.15826 152.7966
59.21230 155.7294
59.26143 158.7186
59.31456 161.7651
59.37014 164.8701
59.42329 168.6825
59.47377 173.8768
59.52619 179.2311
59.57870 184.7502
59.63066 190.4393
59.68479 202.1649
59.73906 216.1968
59.78979 232.0103
59.84002 249.7834
59.89075 273.2841
59.94260 312.9561
59.99314 341.4825
60.04432 372.6091
60.09549 397.8093
60.14794 422.6870
60.20124 449.1206
60.25378 477.2072
60.30518 498.1989
60.35906 497.0858
60.41246 495.9751
60.46240 494.8669
60.51614 438.2484
60.56736 399.4878
60.61624 371.0623
60.66665 357.7229
60.71938 361.5842
60.77338 365.4873
60.82737 369.4324
60.88068 373.4201
60.93162 377.4509
60.98319 383.4419
61.03609 390.2145
61.08749 397.1067
61.13762 404.1207
61.18952 411.2585
61.24160 418.8693
61.29372 432.1937
61.34684 445.9419
61.40005 460.1275
61.45252 481.6096
61.50401 508.1701
61.55460 536.1955
61.60536 560.9000
61.65787 569.0443
61.70939 577.3067
61.76004 585.6892
61.81173 594.1933
61.86539 602.8210
61.92091 611.5739
61.97219 620.4539
62.02699 634.2601
62.07944 662.5367
62.13082 692.0740
62.18134 764.4893
62.23286 812.7360
62.28611 857.5581
62.34060 925.4852
62.39470 987.8722
62.44604 1013.4771
62.49573 1039.7457
62.54785 1066.6951
62.59997 1094.3430
62.65209 1122.7076
62.70341 1152.8753
62.75328 1184.2392
62.80558 1190.4538
62.85992 1166.7282
62.91369 1143.4755
62.96581 1119.8743
63.01873 1077.8493
63.07792 1037.4014
63.13368 998.4713
63.18943 951.5562
63.24519 901.8208
63.30036 854.6850
63.35570 810.8105
63.41070 771.8770
63.46465 734.8131
63.51790 699.5289
63.56788 694.5453
63.61375 696.8865
63.65961 699.2355
63.70970 701.5925
63.75839 703.9575
63.81137 706.3304
63.86417 708.7113
63.91547 713.4352
63.96484 718.2386
64.01389 723.0744
64.06596 727.9427
64.12139 732.8438
64.17739 758.8668
64.23178 835.6680
64.28453 860.3246
64.33882 885.7086
64.39054 911.8416
64.44147 925.2721
64.49287 933.6368
64.54550 942.0771
64.59784 934.3876
64.64957 893.5083
64.70352 854.4175
64.75519 817.0369
64.80858 825.7641
64.86295 839.7339
64.91629 853.9401
64.96860 868.3867
65.01939 887.4536
65.06895 915.6838
65.11984 944.8120
65.17435 974.8667
65.22629 1053.1530
65.27979 1142.2789
65.33282 1235.6254
65.38673 1334.7528
65.44108 1412.7180
65.49387 1446.2898
65.54464 1474.2153
65.59842 1444.8347
65.64913 1416.0396
65.70016 1387.8184
65.75277 1264.3950
65.80655 1101.0083
65.86007 995.9582
65.91217 967.2492
65.96508 939.3678
66.01933 912.2900
66.07360 919.4601
66.12766 926.6864
66.18209 933.9696
66.23776 941.3101
66.29097 948.7082
66.34419 956.1645
66.39628 964.1336
66.44822 974.5778
66.49908 985.1351
66.54725 995.8068
66.60215 1006.5941
66.65392 1017.4982
66.70472 1044.8630
66.75667 1091.4453
66.80974 1135.5234
66.86234 1162.5084
66.91287 1190.1347
66.96593 1204.2091
67.02036 1217.2078
67.07354 1230.3467
67.12650 1243.6275
67.18041 1257.0517
67.23437 1264.9966
67.28912 1253.1268
67.34253 1241.3684
67.39666 1229.7203
67.45151 1218.1815
67.50573 1206.7510
67.55777 1198.2681
67.60809 1192.2526
67.66160 1186.2674
67.71590 1180.3122
67.77093 1174.3870
67.82150 1168.4914
67.87088 1162.6255
67.92308 1156.7890
67.97637 1150.9818
68.02891 1127.2057
68.08320 1080.0343
68.14124 1034.8369
68.19928 990.6491
68.25657 907.8925
68.31048 832.0493
68.36039 779.1278
68.41030 735.1090
68.46021 693.5771
68.51013 669.5534
68.55862 678.6000
68.60676 687.7688
68.65658 697.0615
68.70758 706.4797
68.75806 719.7346
68.81296 734.4355
68.86626 749.4367
68.92011 764.7443
68.97514 784.9709
69.03055 817.4389
69.08580 790.4675
69.14231 764.3859
69.19732 739.1649
69.25318 714.7761
69.30914 680.8194
69.36407 639.4876
69.41594 600.6650
69.46623 563.9135
69.51972 527.0016
69.57388 492.5058
69.62548 464.4080
69.67325 438.6608
69.72111 407.3931
69.77080 373.3602
69.82416 340.5669
69.87933 306.9242
69.93389 276.6050
69.98674 260.3947
70.03958 245.1343
70.09243 226.7774
70.14484 208.3766
70.19467 185.4260
70.24294 163.0548
70.29485 151.4526
70.34873 140.6635
70.40395 130.3625
70.45805 120.8160
70.51034 111.9685
70.55985 103.4816
70.61056 95.4756
70.66056 89.5070
70.70960 86.5534
70.75802 83.9135
70.80666 84.7084
70.85491 85.5109
70.90445 86.3210
70.95810 87.1388
71.01354 87.9643
71.06465 89.2732
71.11693 91.3947
71.17031 93.5666
71.22130 95.7902
71.27160 98.0665
71.32126 104.3394
71.37311 111.9560
71.42709 116.8072
71.47986 118.9923
71.53223 121.2183
71.58077 123.4860
71.63197 125.7960
71.68360 128.3541
71.73571 130.9642
71.78880 133.6274
71.83964 137.1430
71.88927 141.3474
71.93944 147.8970
71.99048 160.2988
72.04198 173.8339
72.09454 193.5365
72.14798 215.4723
72.19993 257.1646
72.25330 280.4325
72.30717 283.2949
72.36526 280.4680
72.42137 267.0006
72.47497 254.1798
72.52905 241.9747
72.58332 238.3604
72.63759 235.4986
72.69074 232.6712
72.74234 229.8777
72.79394 227.1177
72.84546 222.9952
72.89528 214.1572
72.94592 205.6695
72.99960 197.5182
73.05288 189.6899
73.10498 182.1940
73.15684 175.0043
73.20870 168.0984
73.26258 160.9024
73.31477 152.4925
73.36691 144.5221
73.41914 141.1638
73.47217 137.9685
73.52487 134.8455
73.57898 131.7932
73.63362 128.8100
73.68717 125.4083
73.74041 120.9996
73.79446 116.7459
73.84702 112.6417
73.89831 105.4160
73.94472 98.2442
73.99362 91.3761
74.04689 84.8740
74.09971 79.2591
74.15084 74.8650
74.20298 70.6955
74.25368 66.3294
74.30627 62.2329
74.35817 60.4554
74.40942 59.3770
74.45964 58.3179
74.50830 58.2379
74.55402 59.9025
74.60285 61.6146
74.65141 63.3758
74.70242 65.1872
74.75497 67.0504
74.80836 71.3914
74.86202 77.6486
74.91668 83.7599
74.96688 88.6761
75.01746 93.6952
75.07059 97.2496
75.12284 100.9389
75.17490 105.6284
75.22613 110.7082
75.27761 114.8756
75.33013 118.2651
75.38371 121.7547
75.43682 127.6846
75.48654 149.9960
75.53660 162.5741
75.58809 176.2069
75.63890 200.4361
75.69237 228.7329
75.74491 249.8812
75.80004 261.9710
75.85619 274.6457
75.91099 287.0508
75.96404 278.6995
76.01724 270.5911
76.06912 262.7187
76.11988 255.0753
76.17316 247.6542
76.22780 244.1249
76.28060 247.8387
76.33195 251.6089
76.38305 255.4364
76.43623 259.3222
76.49125 265.0167
76.54280 271.3427
76.59674 277.8197
76.64769 284.4513
76.70001 286.9661
76.75567 276.2590
76.81115 265.9514
76.86486 256.0284
76.91848 247.7221
76.97021 239.9508
77.02099 232.4233
77.07177 225.1319
77.12349 220.5593
77.17721 223.1761
77.22715 225.8239
77.27886 228.5032
77.32970 231.2142
77.37955 234.9871
77.43219 239.2298
77.48875 243.5491
77.54271 246.0239
77.59743 244.0507
77.65319 242.0934
77.70896 240.1517
77.76386 238.2256
77.81696 236.3150
77.87062 235.1479
77.92444 234.4710
77.97747 233.7960
78.02878 233.1229
78.08040 232.4518
78.13370 231.7826
78.18585 231.1154
78.23820 230.4501
78.29532 223.3935
78.35099 213.1431
78.40333 204.8419
78.45416 199.4164
78.50716 194.6218
78.55999 195.4971
78.61099 196.3764
78.66159 197.2595
78.71131 198.1467
78.76000 199.0378
78.81026 199.9330
78.86169 199.8992
78.91325 197.2343
78.96391 194.6049
79.01719 192.0105
79.07169 189.4507
79.12350 186.9251
79.17506 184.4331
79.22830 178.8874
79.28359 169.4572
79.33392 158.6514
79.38424 139.9418
79.43514 136.2355
79.48796 132.6274
79.54192 132.6238
79.59602 133.8756
79.64899 135.1393
79.69952 136.4149
79.74877 137.7025
79.79959 138.9251
79.85269 138.3031
79.90622 137.6838
79.96075 137.0674
80.01416 136.4537
80.06555 135.8427
80.11653 135.2345
80.16567 134.3647
80.21692 132.5735
80.27110 130.8061
80.32394 129.0623
80.37540 127.3418
80.42698 124.9045
80.48009 122.1418
80.53256 119.4402
80.58585 117.7691
80.63697 119.2052
80.68681 120.6588
80.73781 122.1302
80.78931 123.6195
80.84047 125.1269
80.89278 124.8542
80.94513 123.1899
80.99825 121.5478
81.05151 119.9276
81.10442 118.3290
81.15831 116.2302
81.21339 114.1687
81.26633 112.1437
81.31598 110.9425
81.36490 110.3220
81.41557 109.7050
81.46860 109.0915
81.52025 108.4813
81.57003 107.8746
81.62155 107.2713
81.67467 104.7855
81.72389 101.7824
81.77252 98.8653
81.82274 96.2695
81.87426 94.1927
81.92507 92.1607
81.97961 90.1726
82.03259 88.2273
82.08680 89.3596
82.13842 91.3931
82.19113 93.4729
82.24174 95.7578
82.29102 98.3629
82.33810 101.1745
82.38766 105.3311
82.43553 109.6584
82.48489 107.7545
82.53493 104.5492
82.58651 100.5245
82.63765 95.9117
82.68309 91.8795
82.73158 89.0305
82.78056 86.2699
82.82940 83.5948
82.87960 79.7018
82.93092 75.7901
82.98131 72.3511
83.03129 69.2630
83.08045 66.7083
83.12807 65.1598
83.17483 63.6473
83.22260 62.1698
83.26936 60.7267
83.31608 59.2617
83.36501 57.8130
83.41525 56.3998
83.46665 55.9947
83.51773 57.5182
83.56906 59.0831
83.62095 60.6905
83.67239 63.7032
83.72136 66.9912
83.76819 70.0969
83.81836 73.1403
83.87016 76.3157
83.92098 79.2966
83.96954 81.1808
84.01871 83.1098
84.06822 79.6013
84.11957 75.9174
84.16960 71.2769
84.22154 66.4277
84.27332 61.1648
84.32569 56.0360
84.37683 53.2860
84.42706 50.6710
84.47780 51.4050
84.52852 52.2186
84.57953 53.0450
84.62773 53.8846
84.67409 54.7374
84.72375 55.6037
84.77482 56.5693
84.82677 58.0107
84.87633 59.4889
84.92741 61.0047
84.98027 62.5592
85.03243 64.6504
85.08388 67.1563
85.13699 69.7594
85.18751 72.3467
85.23281 74.4812
85.28429 76.6788
85.33643 78.9412
85.38810 80.7303
85.44095 82.3863
85.49336 82.5595
85.54422 81.2405
85.59443 79.9426
85.64463 78.6654
85.69417 77.4087
85.74404 76.1720
85.79569 76.6437
85.84794 77.5491
85.89943 78.4653
85.95145 79.3922
86.00125 80.8852
86.04999 84.2232
86.09850 87.6988
86.14702 91.3180
86.19711 95.0864
86.24838 102.3075
86.29910 111.6333
86.34959 121.9809
86.40009 133.5469
86.45206 145.8666
86.50453 157.0412
86.55655 169.0717
86.60877 179.4162
86.66130 189.9469
86.71035 196.4627
86.75893 199.8011
86.81015 203.1962
86.86112 206.6491
86.91222 210.4878
86.96250 222.5543
87.01491 235.3125
87.06669 248.8021
87.11766 284.4336
87.17109 322.3337
87.22679 343.5510
87.28303 363.3094
87.33652 372.3593
87.38648 381.6347
87.43546 391.1410
87.48661 389.5635
87.53933 384.8701
87.59036 380.2333
87.64205 375.6523
87.69207 371.1266
87.74323 365.7067
87.79486 352.0618
87.84568 338.9259
87.89816 326.2801
87.94912 314.3452
87.99745 302.9552
88.04578 291.9779
88.09411 281.3984
88.14399 270.6414
88.19496 256.3738
88.24561 242.8584
88.29648 233.4939
88.34989 225.0334
88.39918 218.3617
88.45105 212.9355
88.50378 207.6441
88.55468 202.4843
88.60541 197.4725
88.65649 193.5370
88.70653 189.6799
88.75444 185.8997
88.80134 182.1948
88.85091 177.4487
88.89963 171.5598
88.94928 165.8664
88.99892 160.2025
89.05186 152.3393
89.10525 144.8621
89.15725 138.8378
89.20940 138.8130
89.26185 141.9529
89.31127 145.1637
89.35907 148.4473
89.40782 151.8051
89.45656 155.2388
89.50530 158.7502
89.55432 165.6048
89.60540 173.6172
89.66027 182.0172
89.71241 189.0185
89.76200 193.5107
89.81085 196.2835
89.86150 186.0242
89.91119 176.3012
89.95905 167.0864
90.00596 146.1999
90.05362 130.2984
90.10377 121.3686
90.15442 115.5714
90.20577 115.3124
90.25607 115.0540
90.30455 114.7961
90.35573 114.5389
90.40765 114.2822
90.45666 114.0261
90.50358 112.8383
90.55091 110.5894
90.60468 108.3855
90.65844 106.2254
90.71134 104.1084
90.76344 102.3375
90.81408 100.6300
90.86370 98.9510
90.91117 97.3000
90.95685 95.6765
91.00296 94.0801
91.05104 92.5455
91.09912 91.4345
91.14719 90.3367
91.19670 89.2522
91.24652 88.1806
91.29681 87.1220
91.34717 85.5945
91.39679 83.3278
91.44599 81.1210
91.49757 78.9727
91.54282 79.2285
91.58938 79.5847
91.63820 79.9426
91.68887 80.3020
91.74022 80.6631
91.79049 81.0258
91.83940 81.2624
91.88895 80.7177
91.93831 80.1767
91.98516 79.6392
92.03287 79.1054
92.08208 78.5751
92.13162 78.0484
92.18239 77.5253
92.23377 77.0056
92.28469 76.4484
92.33442 74.9248
92.38219 73.4316
92.42867 71.9681
92.47741 70.5338
92.52688 69.1281
92.57458 67.7504
92.62316 66.2222
92.67020 64.0373
92.72081 61.9245
92.77022 59.8814
92.81891 60.0688
92.86703 60.8833
92.91529 61.7089
92.96486 62.5457
93.01618 63.3938
93.06767 63.9664
93.11713 61.9943
93.16610 60.0830
93.21574 58.2306
93.26452 56.6934
93.31148 55.3154
93.35674 53.9709
93.40263 52.9970
93.44937 52.9970
93.49694 52.9970
93.54643 52.9970
93.59662 52.9970
93.64501 52.9970
93.69125 52.9970
93.73785 52.9970
93.78702 52.7628
93.83523 51.9896
93.88182 51.2278
93.92931 50.4771
93.97769 49.7374
94.02528 49.0085
94.07200 48.7200
94.11787 48.7200
94.16385 48.7200
94.21065 48.7200
94.25989 48.7200
94.30853 48.7200
94.35557 47.9738
94.40472 47.1757
94.45450 46.3909
94.50214 45.6192
94.55137 44.8422
94.60149 44.0470
94.65256 43.2659
94.70759 42.4986
94.75873 42.4232
94.80598 42.3914
94.84937 42.3597
94.89276 42.3280
94.94008 42.2964
94.98548 42.2648
95.03180 42.2331
95.08003 42.2016
95.12835 42.1700
95.17669 42.1385
95.22667 42.0441
95.27851 41.9232
95.32984 41.8026
95.38100 41.6824
95.43360 41.5625
95.48532 41.4429
95.53648 41.3237
95.58825 41.2048
95.63921 44.5782
95.68946 47.9606
95.73962 50.4361
95.78936 52.8688
95.83858 55.0409
95.88812 57.1793
95.93694 56.4172
95.98324 55.6653
96.03295 54.9233
96.08457 53.8119
96.13290 52.4965
96.18211 51.2132
96.22890 50.3677
96.27390 50.9797
96.32121 51.5991
96.37112 52.2261
96.42093 52.8606
96.46742 53.5029
96.51724 54.5228
96.56908 55.9121
96.61874 57.3369
96.66665 58.7980
96.71424 60.2963
96.76346 61.5418
96.81181 62.8008
96.85939 64.0854
96.90698 65.3921
96.95549 66.7220
97.00488 68.0790
97.05514 69.5941
97.10326 71.9688
97.15084 74.4246
97.19841 76.9638
97.24571 79.5896
97.29338 81.6726
97.34105 83.3432
97.38860 85.0481
97.43704 86.5317
97.48637 86.8642
97.53573 87.1979
97.58353 87.5329
97.63437 87.8692
97.68437 88.2068
97.73437 88.5457
97.77985 88.8859
97.82616 89.4787
97.87584 91.0943
97.92754 92.7391
97.97888 94.4136
98.02865 99.3993
98.07602 105.6438
98.12351 110.5005
98.17178 113.8881
98.22140 116.9550
98.27145 118.7343
98.32086 120.5407
98.37146 122.3745
98.42154 124.2363
98.47001 129.1842
98.51793 135.8522
98.56649 139.0184
98.61440 136.5528
98.66417 134.1310
98.71668 131.7521
98.76920 124.0712
98.81832 116.7376
98.86871 109.0861
98.91793 101.6644
98.96927 97.3470
99.01842 96.4800
99.06633 95.6207
99.11514 94.8179
99.16554 96.4267
99.21895 98.0628
99.27187 99.7267
99.32243 101.4188
99.37225 103.1396
99.42299 104.8896
99.47373 106.9311
99.52292 110.0861
99.57043 113.3342
99.61994 116.6782
99.66852 117.7788
99.71557 118.2313
99.76300 118.6856
99.81128 119.1416
99.86100 119.5993
99.91293 120.0588
99.96256 120.5201
100.01214 120.9832
100.06083 118.6524
100.10952 115.6910
100.15821 112.8035
100.20690 109.9881
100.25486 107.4802
100.30328 105.6921
100.35256 103.9339
100.40305 102.2048
100.45399 100.5045
100.50502 101.3001
100.55598 103.1868
100.60803 105.1087
100.66099 107.0663
100.71296 109.4512
100.76445 114.3750
100.81545 119.5202
100.86595 122.7829
100.91710 125.8413
100.96860 128.9760
101.02010 129.9968
101.07159 128.4792
101.12254 126.9792
101.17111 125.4967
101.21881 124.0316
101.26562 124.9417
101.31151 126.1252
101.35653 127.3199
101.40067 128.5259
101.44482 129.7434
101.49087 131.0488
101.53831 132.6414
101.58659 134.2533
101.63530 135.8848
101.68401 137.5361
101.73249 139.2075
101.78044 135.2155
101.82915 126.4397
101.87787 118.6149
101.92566 112.4152
101.97217 106.5395
102.02124 102.0366
102.06929 97.7667
102.11644 93.6755
102.16322 93.4099
102.21052 96.1122
102.26094 98.8926
102.31417 101.7534
102.36399 104.6970
102.41299 113.0963
102.46263 122.1695
102.51214 130.7013
102.56096 139.3043
102.61009 146.5236
102.65980 151.5456
102.70855 156.7397
102.75961 162.1118
102.81154 167.6680
102.86347 174.0909
102.91414 180.8381
102.96380 187.8468
103.01507 197.2335
103.06829 209.5121
103.12010 222.5551
103.17264 237.6507
103.22275 275.4565
103.27867 284.5587
103.33528 291.0337
103.39087 297.6560
103.44695 295.9420
103.50617 286.6580
103.56380 277.6651
103.61995 268.9544
103.67706 260.5169
103.73333 250.7238
103.78861 241.2341
103.84393 232.1035
103.89639 223.3186
103.94966 214.9141
104.00163 206.8952
104.05323 199.1754
104.10699 191.7438
104.16265 182.9036
104.21491 174.4383
104.26398 169.1709
104.31453 165.1332
104.36603 161.1919
104.41737 157.3447
104.46779 153.5893
104.51712 149.9557
104.56720 147.9568
104.61804 145.9844
104.66778 144.0384
104.71576 142.1183
104.76250 140.2238
104.80934 139.3996
104.85692 140.8139
104.90450 142.2425
104.95153 143.6857
104.99866 145.1435
105.04506 146.6161
105.08869 148.1036
105.13541 146.6224
105.18488 142.2611
105.23438 138.0295
105.28290 133.9238
105.33030 129.9402
105.37702 124.1026
105.42531 118.4080
105.47246 113.4495
105.51889 108.9337
105.56470 104.7062
105.61000 100.7996
105.65685 97.0386
105.70435 93.4180
105.75247 89.1475
105.80067 85.0569
105.84825 81.1540
105.89510 79.0459
105.93920 78.2519
105.98331 77.4659
106.02804 76.6878
106.07312 75.9175
106.11684 75.1549
106.16126 74.4000
106.20578 69.9121
106.24942 64.7635
106.29155 59.4170
106.33368 54.9328
106.37649 53.2393
106.41894 51.5980
106.46081 50.0073
106.50208 52.0035
106.54262 54.5044
106.58316 56.9012
106.62293 59.2602
106.66265 61.2633
106.70406 62.5090
106.74703 63.7801
106.79225 65.0769
106.83800 66.4001
106.88319 69.4072
106.92772 72.9901
106.97087 77.7007
107.01525 82.1729
107.06031 84.4083
107.10491 86.7046
107.15100 89.0633
107.19829 88.1551
107.24531 87.1214
107.29154 86.0998
107.33778 85.0901
107.38606 85.8303
107.43415 89.0576
107.48192 92.3917
107.52970 95.7581
107.57594 99.2470
107.62378 102.8631
107.67263 109.0422
107.72195 116.6105
107.77126 125.4426
107.82236 135.9615
107.87380 148.3659
107.92536 167.6255
107.97755 185.3757
108.03038 207.4975
108.08294 222.7049
108.13528 235.7770
108.18823 249.4823
108.24250 263.8306
108.29738 279.0041
108.35311 293.3525
108.41060 281.7762
108.46466 270.6568
108.51936 262.6795
108.57411 255.6822
108.62718 248.8713
108.68160 243.5985
108.73531 240.6200
108.78907 237.6779
108.84512 234.7718
108.89850 231.9012
108.95198 229.0657
109.00678 226.2648
109.06507 222.5554
109.11876 218.1199
109.17060 213.7728
109.22171 208.6586
109.27438 197.6590
109.32706 187.2392
109.37884 179.5008
109.43144 172.4171
109.48793 167.2324
109.53927 163.3506
109.59042 159.5589
109.64130 155.8552
109.69168 152.2528
109.74206 149.4690
109.79244 146.7361
109.84188 144.0531
109.89071 141.4192
109.94687 139.5842
110.00047 138.6478
110.05016 137.7177
110.09816 136.7939
110.14964 135.8763
110.20492 134.9648
110.25868 134.0594
110.31109 131.2693
110.36227 127.5074
110.41141 123.8533
110.46055 119.3017
110.51101 111.5587
110.56263 104.3182
110.61477 102.8520
110.66769 101.7497
110.72002 100.6593
110.77140 99.5805
110.82229 98.5134
110.87442 97.1360
110.92430 94.8812
110.97515 92.6787
111.02682 90.5273
111.07883 88.4259
111.13018 85.9688
111.18082 83.4120
111.23088 83.2835
111.28176 86.5113
111.33490 89.8642
111.39019 93.3470
111.44223 97.2164
111.49445 101.2462
111.54715 102.6264
111.59924 103.0405
111.64979 103.4563
111.70215 103.8738
111.75546 104.2930
111.80917 104.5987
111.86288 102.1707
111.91704 99.7991
111.97016 97.4826
112.02443 95.2198
112.08034 92.8545
112.13617 90.3845
112.18803 87.9802
112.23990 85.6398
112.29311 83.3617
112.34818 80.3047
112.40449 77.3085
112.45635 74.4241
112.50752 71.5640
112.56155 68.7401
112.61668 66.0276
112.66988 63.5580
112.72227 62.3707
112.77686 61.2056
112.83405 60.0622
112.88978 58.9402
112.94524 57.8392
113.00023 56.7817
113.05482 55.7747
113.10981 54.7856
113.16582 53.8140
113.21864 54.1157
113.27063 54.4192
113.32397 54.7243
113.37767 55.0311
113.43230 55.3397
113.48845 55.6500
113.54476 55.7713
113.59835 54.8999
113.65117 54.0421
113.70745 53.1977
113.76080 50.6195
113.81359 46.8664
113.86608 42.1291
113.91926 38.2607
113.97281 36.9158
114.02550 35.6182
114.07764 34.3662
114.12929 34.7494
114.18010 35.2803
114.23317 35.8193
114.28629 36.3665
114.34029 37.1178
114.39338 38.2129
114.44478 39.3403
114.49846 40.5009
114.55483 41.6064
114.61033 42.7383
114.66470 42.6181
114.71817 41.9093
114.76906 41.2122
114.81840 40.5268
114.86910 39.7086
114.92267 37.8866
114.97716 36.4946
115.02989 35.1607
115.08159 31.7441
115.13236 29.1099
115.18509 27.4961
115.23755 26.2080
115.28881 25.5137
115.33952 24.8378
115.39303 24.1798
115.44616 24.5132
115.50085 24.9889
115.55375 25.4739
115.60581 25.9684
115.65809 26.4724
115.71212 26.9862
115.76600 27.5099
115.81806 28.0438
115.87016 25.7610
115.92321 24.7112
115.97625 24.0567
116.03260 23.5773
116.09156 23.2630
116.14624 22.9529
116.20420 22.6469
116.26475 22.3450
116.31933 22.7555
116.37255 23.2204
116.42577 23.6948
116.47900 24.1788
116.53279 23.7939
116.58859 22.1751
116.64508 20.7694
116.69974 20.1741
116.75406 19.5959
116.80947 19.0343
116.86452 18.4745
116.91749 17.9251
116.96964 17.7767
117.02324 18.1703
117.07986 18.5725
117.13429 18.9837
117.18779 19.4039
117.24160 19.7638
117.29536 20.1207
117.34771 20.4841
117.39903 20.5240
117.45326 20.1826
117.50697 19.8469
117.55853 19.5168
117.60962 19.1922
117.65993 19.2064
117.71080 19.2582
117.76284 19.3101
117.81293 19.3621
117.86318 19.4142
117.91557 19.3762
117.96840 19.0219
118.01864 18.6742
118.06610 18.3327
118.11294 17.9976
118.16219 17.5321
118.21544 17.0105
118.26766 16.7133
118.32054 16.7616
118.37228 16.8101
118.42310 16.8587
118.47542 16.9074
118.53032 16.9563
118.58534 17.0053
118.64153 17.0544
118.69798 17.1916
118.75242 17.4530
118.80583 17.7184
118.85988 17.9879
118.91004 18.2614
118.95893 18.9084
119.00678 19.6414
119.05471 20.4028
119.10360 21.3716
119.15324 22.6258
119.20386 23.9686
119.25386 25.4747
119.30386 27.0755
119.35507 28.5891
119.40581 30.1655
119.45844 29.7791
119.50953 28.2226
119.55817 26.7474
119.60672 25.1799
119.65562 23.1094
119.70549 21.6823
119.75247 20.3433
119.79879 20.2986
119.84740 20.6086
119.89696 20.9233
119.94662 21.2429
119.99866 21.6192
120.04949 22.1701
120.09853 22.7351
120.14718 23.3145
120.19482 23.9087
120.24476 24.8844
120.29103 26.0814
120.33860 27.0923
120.38688 27.7671
120.43664 28.4588
120.48632 29.1676
120.53475 29.8985
120.58436 30.6477
120.63494 31.4157
120.68502 31.9920
120.73445 32.4242
120.78387 32.8622
120.83049 33.3061
120.87864 33.7388
120.92668 33.3338
120.97380 32.9337
121.02093 32.5383
121.06633 32.1477
121.11492 31.7618
121.16298 30.8328
121.21077 29.2103
121.25891 29.3681
121.30786 29.5268
121.35681 29.6864
121.40576 29.8468
121.45366 30.0080
121.50015 30.2662
121.54687 30.6237
121.59374 30.9854
121.64320 31.3513
121.69117 31.7216
121.73782 32.4186
121.78652 33.1520
121.83521 33.9020
121.88338 33.8297
121.93304 33.0026
121.98638 32.1957
122.03782 31.4197
122.08876 30.7419
122.13900 30.0787
122.19012 29.4298
122.24031 28.7950
122.28779 28.6062
122.33441 28.7606
122.38111 28.9160
122.42809 29.0721
122.47844 29.2291
122.52697 29.3870
122.57549 31.1949
122.62346 32.2739
122.67080 33.0040
122.71752 33.7507
122.76397 35.1623
122.81018 37.6680
122.85507 38.2624
122.90032 38.8661
122.94677 39.4794
122.99410 39.0238
123.03967 38.2429
123.08621 37.4776
123.13414 36.7276
123.18367 35.9224
123.23172 34.8927
123.27796 33.8925
123.32716 32.9209
123.37551 31.6929
123.42385 30.4425
123.47156 30.3149
123.51926 31.2093
123.56520 32.1301
123.61321 33.1151
123.66132 34.4756
123.70640 35.8919
123.75144 37.1705
123.79783 38.4501
123.84455 39.2229
123.88831 39.5752
123.93649 39.9307
123.98489 40.1635
124.03436 39.6281
124.08842 39.0999
124.13528 38.5787
124.18204 38.0645
124.22590 37.5571
124.27169 37.0565
124.31463 36.5529
124.35876 36.0342
124.40573 35.5229
124.45133 35.0188
124.49737 34.5219
124.54606 34.0320
124.59713 33.5491
124.64773 33.0730
124.69540 32.6037
124.74245 32.3631
124.79194 33.0214
124.83910 33.6930
124.88360 34.3784
124.92714 35.4465
124.97190 36.6559
125.01788 37.4964
125.06612 37.9412
125.11399 38.3913
125.16187 38.8467
125.21049 39.3075
125.25706 42.4867
125.30357 44.4560
125.35164 46.1584
125.40013 47.9260
125.44649 49.7613
125.49285 51.6668
125.53762 53.1252
125.58435 50.8580
125.63171 48.6876
125.67806 42.1291
125.72542 38.9011
125.77278 37.1164
125.82093 36.4208
125.87099 37.0369
125.91864 37.6635
125.96539 38.3006
126.01387 38.9485
126.06081 39.3160
126.10737 39.6470
126.15379 39.9809
126.20000 40.3175
126.24878 40.1781
126.29615 39.0437
126.34161 37.9413
126.38912 36.8700
126.43869 35.8290
126.48948 36.9326
126.54144 38.7087
126.58812 40.5702
126.63556 42.5213
126.68145 45.1289
126.72625 50.0754
126.77115 55.5642
126.81620 55.0373
126.86302 54.1218
126.90873 51.4626
126.95288 48.0943
126.99823 41.4785
127.04367 31.7138
127.08860 24.8812
127.13246 23.5808
127.17870 22.3484
127.22627 21.1804
127.27289 20.8665
127.31867 20.9015
127.36485 20.9366
127.41304 20.9717
127.46063 21.0715
127.50518 21.5744
127.54859 22.0894
127.59593 22.6166
127.64246 23.1565
127.69044 24.2061
127.73742 25.6556
127.78507 27.1918
127.83120 28.7622
127.87410 30.1454
127.91699 31.5951
127.96177 33.1146
128.00639 31.6092
128.05179 29.2944
128.09579 27.1491
128.14149 24.8784
128.18800 22.7719
128.23288 22.4382
128.28106 22.1093
128.32776 21.7853
128.37246 21.4660
128.41750 21.1514
128.46153 20.4594
128.50656 19.4552
128.55016 18.3963
128.59356 17.0875
128.63947 15.8718
128.68407 14.9335
128.72950 14.0581
128.77572 13.4144
128.82011 12.8819
128.86708 12.3706
128.91352 11.9176
128.95956 11.5762
129.00619 11.2445
129.05185 10.9224
129.09622 10.5078
129.14270 10.5799
129.18754 10.8495
129.23192 11.1259
129.27335 11.4093
129.31839 11.5653
129.36445 11.0316
129.40889 10.5227
129.45251 10.0371
129.49701 9.7235
129.54075 9.4658
129.58518 9.2149
129.62846 9.1883
129.67307 9.5981
129.72058 10.0565
129.76817 11.0467
129.81254 11.4791
129.85736 11.8710
129.90208 12.2762
129.94481 12.6953
129.98947 13.4375
130.03414 14.8231
130.07715 16.3723
130.12447 18.2893
130.16913 20.4307
130.21435 23.4595
130.26026 27.1004
130.30207 29.5965
130.34177 30.8123
130.38439 32.0781
130.42548 32.2126
130.46866 24.8280
130.51303 22.5542
130.55654 20.5574
130.59891 18.7375
130.64319 16.0363
130.68906 13.6257
130.73430 12.1568
130.78037 11.3221
130.82663 13.1859
130.87429 14.0069
130.92344 14.8790
130.97179 15.8055
131.01964 16.5547
131.06749 17.1773
131.11351 17.5761
131.15935 17.4581
131.20659 17.3410
131.25338 17.2246
131.29909 17.1090
131.34540 16.9941
131.39018 17.6589
131.43732 18.8213
131.48281 21.7510
131.53398 28.5587
131.58100 35.4179
131.62558 44.1969
131.67089 45.2139
131.71635 45.6714
131.76256 43.2418
131.81031 39.5988
131.85806 35.9831
131.90590 32.3482
131.95454 29.1526
132.00230 26.2726
132.05402 21.9532
132.10321 18.4184
132.14971 16.4440
132.19483 16.1858
132.23926 16.8508
132.28309 17.5430
132.32939 18.2637
132.37639 19.0140
132.42407 19.7951
132.47205 21.3476
132.52003 23.1542
132.56822 28.3784
132.61873 34.5356
132.66566 37.8786
132.71002 41.5568
132.75350 45.5768
132.79942 48.0901
132.84476 50.7421
132.89056 49.9782
132.93724 48.1672
132.98462 46.4218
133.03298 44.7397
133.08181 42.9120
133.13065 40.3758
133.17541 37.9896
133.22068 35.6492
133.26719 33.4472
133.31517 34.2121
133.36368 37.7541
133.41104 42.5615
133.45555 46.8165
133.49944 49.5642
133.54356 52.4732
133.58807 56.8199
133.63675 61.5845
133.68582 65.5555
133.73546 69.1927
133.78692 73.0317
133.83503 77.8776
133.88232 85.2622
133.93169 93.3470
133.97813 103.9270
134.02325 110.1676
134.06836 115.8540
134.11493 119.6023
134.16252 121.8298
134.20712 124.0989
134.25270 126.4102
134.30029 128.7829
134.34743 132.1208
134.39447 135.5452
134.44206 139.0583
134.49026 142.6626
134.53909 146.3602
134.58792 150.7327
134.63674 156.3998
134.68557 162.7052
134.73180 176.3485
134.77547 191.1359
134.81872 225.2600
134.86186 258.7229
134.90596 289.0150
134.95022 314.5394
134.99655 326.8032
135.04297 339.5451
135.08983 352.7838
135.13684 359.0602
135.18424 365.1345
135.23269 371.3116
135.28275 377.5932
135.33308 385.8752
135.38368 397.2602
135.43427 408.9812
135.48486 421.0481
135.53586 424.6426
135.58699 428.0881
135.63626 431.5614
135.68487 435.0630
135.72914 438.5930
135.77279 441.6733
135.82026 443.6536
135.86837 445.6427
135.91440 447.6407
135.96003 449.6477
136.00361 451.6637
136.04676 453.6887
136.09192 454.5850
136.13755 454.1483
136.18672 453.7120
136.23682 453.2762
136.28537 452.8407
136.33348 452.4057
136.38348 451.9711
136.43407 451.5369
136.48577 450.3117
136.53785 448.3018
136.58942 446.3009
136.64075 444.3090
136.68931 442.3259
136.73669 440.3517
136.78575 438.3862
136.83560 440.8437
136.88513 445.6191
136.93449 450.4463
136.98477 455.3257
137.03561 460.2580
137.08645 465.2437
137.13729 493.7167
137.18558 524.4524
137.23198 562.3599
137.27838 605.4401
137.32477 655.5050
137.37297 705.9104
137.42282 734.9119
137.47218 765.1050
137.52105 765.1050
137.56980 765.1050
137.61816 765.1050
137.66574 765.1050
137.71216 765.1050
137.75988 765.1050
137.81017 765.1050
137.85994 765.0535
137.90830 763.7683
137.95656 762.4853
138.00443 761.2044
138.05243 759.9256
138.10127 758.6490
138.15008 757.3746
138.19843 756.1022
138.24679 754.8321
138.29707 753.5640
138.34736 752.8941
138.39720 752.2629
138.44701 751.6322
138.49557 751.0020
138.54392 750.3723
138.59198 749.7432
138.63941 749.1146
138.68657 748.4865
138.73354 747.8589
138.78102 751.8822
138.82935 756.9573
138.87811 762.0666
138.92915 767.2105
138.98019 772.3890
139.02995 777.6025
139.07963 782.8513
139.12865 788.1354
139.17743 792.1365
139.22645 795.9424
139.27568 799.7665
139.32464 803.6091
139.37297 807.4701
139.42122 811.3496
139.46864 815.2478
139.51607 819.1647
139.56349 829.4311
139.61092 840.7040
139.66007 852.1302
139.71044 858.5280
139.76153 859.3514
139.81330 860.1756
139.86404 861.0006
139.91302 861.8264
139.96241 862.6530
140.01325 863.4804
140.06386 864.3086
140.11191 861.8164
140.15995 856.0325
140.21104 850.2874
140.26235 844.5809
140.31403 838.9126
140.36580 833.2824
140.41545 831.5101
140.46396 830.5808
140.51223 829.6524
140.56027 828.7251
140.60949 827.7989
140.66080 826.8737
140.71182 825.9495
140.76120 836.9302
140.81061 848.3048
140.86090 859.8341
140.91119 873.7445
140.96186 889.5204
141.01261 905.5811
141.06366 919.0493
141.11487 917.5088
141.16521 915.9708
141.21459 914.4355
141.26409 912.9027
141.31393 911.3725
141.36359 909.8448
141.41159 908.3198
141.45960 906.7972
141.50926 905.2161
141.55910 902.1751
141.61025 899.1443
141.66191 896.1236
141.71065 893.1131
141.75682 890.1128
141.80300 887.1225
141.84917 884.6100
141.89567 883.7603
141.94520 882.9115
141.99465 882.0635
142.04182 881.2163
142.08899 880.3699
142.13831 879.5244
142.18784 878.6796
142.23887 879.8441
142.29029 886.7591
142.34297 893.7286
142.39628 900.7527
142.44827 907.8321
142.49921 914.9672
142.55016 922.1583
142.60110 934.2205
142.65130 953.2177
142.69988 972.6013
142.74859 992.3790
142.79816 1008.1323
142.84745 1024.1356
142.89416 1040.3930
142.94087 1054.3709
142.99043 1066.8255
143.03999 1079.4272
143.09256 1092.1778
143.14546 1105.2520
143.19798 1122.6937
143.25041 1140.4106
143.30317 1158.4071
143.35607 1176.6876
143.40638 1195.2565
143.45500 1214.1184
143.50289 1225.2859
143.55007 1204.8131
143.59862 1184.6823
143.64914 1164.8879
143.70054 1145.4243
143.75392 1109.0162
143.80680 1065.2521
143.85779 1031.9490
143.90906 1013.6473
143.96215 995.6701
144.01522 978.0118
144.06736 985.2484
144.11949 993.5840
144.16908 1001.9901
144.21837 1010.4674
144.26580 1021.1568
144.31272 1034.9538
144.36155 1048.9373
144.41132 1063.1097
144.46108 1077.4736
144.51084 1087.3152
144.56104 1096.4737
144.61175 1105.7094
144.66181 1115.0229
144.71062 1127.6263
144.75977 1147.9861
144.81001 1168.7136
144.86018 1189.8153
144.90995 1228.4240
144.95970 1270.7160
145.00887 1299.7222
145.05802 1320.2328
145.10972 1341.0671
145.16170 1356.3737
145.21221 1348.4156
145.26230 1340.5042
145.31145 1332.6392
145.36013 1324.8203
145.40880 1317.0474
145.45748 1309.3200
145.50801 1301.6379
145.56094 1294.0010
145.61326 1286.7342
145.66430 1282.4242
145.71563 1278.1286
145.76809 1273.8474
145.82075 1269.5806
145.87557 1265.3280
145.93039 1261.0897
145.98292 1256.8656
146.03538 1252.6556
146.08382 1248.4598
146.13186 1250.2053
146.18228 1252.0747
146.23327 1253.9468
146.28576 1255.8218
146.33870 1257.6996
146.39092 1259.5802
146.44288 1261.4636
146.49417 1263.3498
146.54515 1265.2388
146.59549 1267.1307
146.64549 1269.4272
146.69131 1271.8695
146.73444 1274.3164
146.78205 1276.7680
146.83303 1279.2244
146.88323 1281.6855
146.93274 1284.1513
146.98249 1286.6218
147.03249 1281.5640
147.08227 1274.4175
147.13178 1267.3110
147.18229 1260.2440
147.23426 1253.2165
147.28676 1246.2281
147.34019 1239.2787
147.39411 1246.7298
147.44901 1255.1535
147.50391 1263.6342
147.55881 1272.1722
147.61347 1280.7678
147.66739 1291.6652
147.72142 1309.1171
147.77583 1326.8047
147.82974 1344.7313
147.88121 1325.0252
147.93224 1298.6178
147.98028 1272.7367
148.02836 1247.3714
148.07689 1217.9263
148.12556 1177.7409
148.17621 1138.8813
148.22679 1101.3039
148.27455 1066.3751
148.32224 1032.7763
148.36906 1000.2360
148.41578 968.7211
148.46489 942.7853
148.51450 927.1012
148.56520 911.6781
148.61626 896.5116
148.66797 881.5973
148.71999 878.0550
148.77201 878.0550
148.82403 878.0550
148.87455 878.0550
148.92369 878.0550
148.97368 878.0550
149.02474 878.0550
149.07597 878.0550
149.12751 885.1540
149.17935 894.1086
149.23316 903.1537
149.28745 912.2904
149.34278 922.2617
149.39723 934.7223
149.45002 947.3512
149.50263 960.1508
149.55491 956.2962
149.60575 948.8171
149.65448 941.3965
149.70454 934.0340
149.75632 926.7290
149.80668 919.4811
149.85541 912.2900
149.90414 904.1639
149.95287 896.1102
150.00160 888.1282
150.05033 885.4860
150.09878 886.6753
150.14700 887.8662
150.19546 889.0587
150.24404 890.2527
150.29293 891.4484
150.34202 887.3752
150.39079 882.6076
150.43937 877.8655
150.48962 873.1490
150.54073 868.4578
150.59185 867.0472
150.64296 878.7621
150.69336 890.6353
150.74346 902.6689
150.79393 914.8651
150.84454 931.2166
150.89553 950.1528
150.94664 969.4741
150.99815 992.9171
151.04977 1030.5835
151.10179 1069.6787
151.15392 1102.7825
151.20457 1136.5909
151.25488 1171.4355
151.30476 1207.3481
151.35456 1241.0262
151.40692 1270.5180
151.45974 1295.7451
151.50952 1284.9219
151.55881 1274.1892
151.60987 1263.5461
151.66118 1252.9919
151.71293 1226.5483
151.76474 1188.5153
151.81610 1151.6615
151.86741 1117.1823
151.91963 1090.0300
151.97195 1063.5376
152.02472 1037.6891
152.07754 1019.1944
152.13036 1003.3608
152.18317 987.7731
152.23363 981.5182
152.28373 994.7797
152.33252 1008.2204
152.38116 1021.8427
152.43143 1054.7711
152.48202 1090.9761
152.53108 1128.4238
152.57971 1163.1327
152.62694 1194.7756
152.67363 1227.2792
152.72228 1259.3143
152.77189 1276.3290
152.82300 1293.5735
152.87504 1311.0510
152.92328 1328.7646
152.96851 1331.7443
153.01668 1321.0262
153.06775 1310.3944
153.11904 1299.8481
153.17059 1289.3868
153.22177 1279.0096
153.27135 1268.3886
153.32145 1257.7939
153.37333 1247.2877
153.42509 1236.8693
153.47422 1234.0506
153.52335 1250.7239
153.57208 1267.6225
153.62075 1284.7494
153.66910 1302.1078
153.71731 1332.7425
153.76599 1369.3248
153.81511 1428.6378
153.86500 1492.7978
153.91642 1506.2138
153.96827 1519.7503
154.02245 1533.4084
154.07662 1462.3918
154.13080 1385.9568
154.18498 1313.5167
154.23587 1242.8596
154.28591 1173.9532
154.33504 1114.0440
154.38303 1077.0736
154.43131 1041.3300
154.48018 1006.7726
154.52908 971.7751
154.57882 937.6116
154.62856 904.6491
154.68059 893.8679
154.73338 918.1854
154.78597 943.1646
154.83833 968.8233
154.89039 1021.1569
154.94091 1077.4737
154.99144 1117.7032
155.04310 1150.1822
155.09493 1183.6049
155.14651 1217.9989
155.19790 1262.5291
155.24881 1368.3990
155.29846 1523.4942
155.34811 1570.5512
155.39819 1598.9078
155.44828 1627.7765
155.49947 1622.4693
155.55102 1574.2088
155.60148 1527.3838
155.65002 1481.9516
155.69856 1437.8708
155.74710 1393.5029
155.79564 1350.2929
155.84478 1308.4228
155.89418 1278.9009
155.94423 1261.8519
155.99534 1245.0302
156.04669 1228.4328
156.10253 1212.0566
156.15837 1213.9717
156.21483 1217.4767
156.27153 1220.9918
156.32790 1224.5170
156.38374 1228.0525
156.43925 1231.5981
156.48994 1235.1540
156.54063 1238.7201
156.59195 1242.2880
156.64349 1245.8658
156.69626 1249.4539
156.75128 1253.0524
156.80577 1256.6612
156.85683 1260.2804
156.90788 1263.9100
156.95932 1267.5501
157.01081 1279.3887
157.06231 1291.5072
157.11381 1303.7404
157.16544 1316.0895
157.21738 1328.5556
157.26945 1339.1480
157.32447 1345.1523
157.37949 1351.1835
157.43315 1357.2417
157.48640 1363.3271
157.53812 1369.4398
157.58829 1375.5799
157.63857 1378.1957
157.68919 1376.6507
157.73980 1375.1075
157.79000 1373.5659
157.84017 1372.0261
157.89230 1370.4880
157.94586 1368.9517
158.00036 1360.0293
158.05576 1347.0541
158.10813 1334.2027
158.15476 1321.4738
158.20130 1308.8664
158.24747 1296.3793
158.29366 1284.0113
158.34168 1271.7613
158.38969 1259.2052
158.43614 1246.5575
158.48231 1234.0367
158.53163 1221.6417
158.58241 1209.3713
158.63224 1197.2240
158.68118 1185.1988
158.72915 1167.8250
158.77532 1149.6823
158.82132 1131.8215
158.86656 1114.2381
158.91182 1096.9279
158.96189 1079.8866
159.01245 1063.1100
159.06107 1048.8963
159.10968 1034.8726
159.15830 1021.0364
159.20714 1007.3852
159.25729 993.9166
159.30658 980.6280
159.35213 966.9398
159.39935 950.8540
159.45207 935.0359
159.50406 919.4809
159.55421 904.1846
159.60537 885.4511
159.65859 864.8974
159.71182 853.5440
159.76504 859.3054
159.81762 865.1057
159.86931 870.9451
159.92065 876.8239
159.97055 882.7424
160.02028 888.7008
160.06971 894.6995
160.11902 906.8785
160.16797 929.4685
160.21777 952.6212
160.27195 976.3506
160.32600 992.1131
160.37781 1007.7692
160.42961 1023.6725
160.48051 1036.7164
160.53137 1047.2506
160.58141 1057.8919
160.63132 1068.6413
160.68371 1079.5000
160.73694 1075.1624
160.79017 1070.8422
160.84340 1066.5394
160.89689 1062.2539
160.95060 1057.9856
161.00454 1047.6007
161.05839 1023.2833
161.11185 1000.1685
161.16431 1008.6304
161.21719 1017.1640
161.27290 1025.7697
161.32861 1034.4482
161.38115 1073.0000
161.43361 1131.8717
161.48684 1162.6644
161.54023 1193.8141
161.59052 1218.0902
161.63926 1242.8599
161.68706 1268.1333
161.73395 1290.2214
161.78284 1310.5820
161.83530 1331.2638
161.88623 1349.1215
161.93127 1355.9586
161.97644 1362.8303
162.02426 1369.7368
162.07208 1376.6783
162.12055 1372.6292
162.16938 1363.4491
162.21783 1354.3304
162.26618 1345.2727
162.31344 1333.3198
162.36035 1300.1872
162.40858 1267.8780
162.45742 1236.3717
162.50416 1205.6483
162.54962 1176.7250
162.59721 1149.2911
162.64653 1122.4968
162.69609 1096.3272
162.74589 1070.4826
162.79550 1031.6948
162.84482 994.3125
162.89414 978.3182
162.94347 969.6041
162.99266 960.9676
163.04149 952.4081
163.09006 943.9248
163.13468 935.5170
163.17930 927.1842
163.22597 895.8271
163.27278 863.0856
163.31873 835.8923
163.36422 811.9361
163.41116 788.6664
163.46060 766.0636
163.51017 744.1086
163.56135 722.7828
163.61253 702.0681
163.66058 701.7542
163.70783 706.4792
163.75418 711.2361
163.79967 716.0249
163.84654 723.9735
163.89815 742.1146
163.94977 760.7104
164.00262 779.7721
164.05555 798.4641
164.10934 817.4389
164.16358 836.8647
164.21839 856.7521
164.27348 879.0369
164.32854 906.9994
164.38151 935.8515
164.43447 965.6213
164.48578 994.0527
164.53621 1022.9387
164.58676 1052.6640
164.63760 1083.2532
164.68845 1113.2911
164.74009 1141.0229
164.79178 1169.4456
164.84299 1198.5763
164.89384 1175.6878
164.94442 1147.6267
164.99400 1120.2353
165.04357 1093.4977
165.09639 1067.3983
165.14978 1039.2684
165.20192 1001.6114
165.25277 965.3189
165.30362 915.6929
165.35447 867.4202
165.40531 829.2628
165.45468 796.5383
165.50385 769.9981
165.55364 752.1244
165.60411 737.0521
165.65504 743.6762
165.70813 750.3597
165.76122 757.1033
165.81317 763.9075
165.86495 770.7729
165.91599 777.6999
165.96647 787.4591
166.01694 805.3773
166.06742 823.7032
166.11790 842.4462
166.17264 866.5043
166.22747 892.0708
166.27845 918.3916
166.32762 941.7740
166.37729 960.9250
166.42777 980.4653
166.47807 1000.4030
166.52637 1020.7462
166.57467 1043.6759
166.62909 1067.4239
166.68595 1091.7124
166.74190 1122.4929
166.79735 1140.4491
166.85256 1119.5968
166.90754 1099.1258
166.96105 1079.0291
167.01227 1059.2998
167.06374 1033.1498
167.11590 1005.7877
167.16800 979.1502
167.21969 953.2183
167.27138 933.0744
167.32260 931.2827
167.37382 929.4944
167.42215 927.7096
167.47008 925.9282
167.51872 924.1502
167.56760 922.3756
167.61940 920.6045
167.67297 914.0981
167.72598 894.3786
167.77890 875.0846
167.83118 856.2067
167.88264 837.7361
167.93301 816.6911
167.98156 794.9360
168.03040 773.7604
168.07992 757.4420
168.12870 751.3673
168.17530 745.3413
168.22191 739.3636
168.26851 733.4338
168.31562 727.5516
168.36610 734.7640
168.41655 750.9643
168.46655 767.5218
168.51654 784.4444
168.56508 801.5811
168.61363 815.2018
168.66355 829.0540
168.71355 843.1416
168.76545 857.4685
168.81727 880.8283
168.86768 913.9445
168.91763 944.1150
168.96587 960.0868
169.01302 976.3288
169.06018 992.8456
169.10733 1009.6418
169.15433 1006.4626
169.20101 993.0455
169.24805 979.8073
169.29660 966.7456
169.34528 954.3675
169.39663 946.6865
169.44798 939.0673
169.50018 931.5095
169.55247 924.0125
169.60404 916.5758
169.65540 909.7225
169.70473 903.6384
169.75282 897.5950
169.79975 891.5921
169.84446 885.6292
169.89012 879.7063
169.94003 880.1850
169.98994 883.1518
170.03909 886.1286
170.08814 889.1155
170.13818 892.1125
170.18896 895.1195
170.23974 898.1367
170.29052 902.5177
170.34130 907.0713
170.39083 911.6479
170.44031 916.2475
170.48921 915.0923
170.53782 902.8397
170.58659 890.7512
170.63563 878.8244
170.68477 867.0574
170.73555 847.8685
170.78634 827.2616
170.83712 807.1556
170.88790 790.2203
170.93966 777.9438
170.99309 765.8581
171.04661 753.9601
171.10048 766.5438
171.15436 780.3841
171.20696 794.4743
171.25950 812.7360
171.31266 834.8461
171.36609 859.8781
171.41748 892.4978
171.46645 926.3550
171.51495 940.9735
171.56170 955.8227
171.60845 970.9062
171.65391 978.5807
171.69933 980.7721
171.74346 982.9683
171.78709 981.6501
171.83157 962.0861
171.87698 942.9121
171.92189 924.1202
171.96507 870.4284
172.00826 843.7393
172.05204 841.4697
172.09593 839.2063
172.14157 836.9489
172.18772 834.6976
172.23337 832.4524
172.27862 858.3640
172.32498 887.6523
172.37339 910.0891
172.42168 928.5955
172.46919 947.4783
172.51670 962.9495
172.56716 965.1186
172.61784 967.2925
172.67015 969.4713
172.72309 963.4812
172.77488 955.7540
172.82556 948.0889
172.87664 940.4852
172.92868 932.9425
172.98096 926.2616
173.03571 925.4833
173.09046 924.7057
173.13900 923.9287
173.18605 923.1524
173.23432 922.3767
173.28386 921.6017
173.33322 920.8273
173.38068 920.0536
173.42814 919.3166
173.47789 920.3452
173.52868 921.3751
173.57923 922.4060
173.62919 923.4382
173.67915 924.4715
173.73131 925.5059
173.78377 930.8415
173.83542 956.1647
173.88621 982.1769
173.93694 1008.8968
173.98690 997.2955
174.03686 973.9433
174.08625 948.0505
174.13538 919.8506
174.18473 892.4896
174.23469 865.9424
174.28465 840.1849
174.33448 837.6716
174.38436 836.6171
174.43403 835.5640
174.48348 834.5122
174.53281 833.4617
174.58101 832.4125
174.62921 831.3647
174.67830 830.3182
174.72776 829.2730
174.77653 828.2291
174.82389 827.1865
174.87125 826.1452
174.92018 825.1053
174.96922 824.0666
175.01942 823.0293
175.07055 821.9933
175.12119 820.9585
175.16938 819.9251
175.21758 829.6402
175.26578 843.7379
175.31398 858.0752
175.36268 872.6560
175.41213 890.1568
175.46160 920.5300
175.51184 951.9397
175.56201 971.1345
175.61442 989.2216
175.66832 1007.6455
175.72221 1026.4126
175.77611 1037.9720
175.83001 1034.9837
175.88519 1032.0040
175.94075 1029.0329
175.99524 1026.0703
176.04790 1023.1163
176.10055 1020.1708
176.15281 1017.2337
176.20505 972.3404
176.25774 884.4414
176.31080 855.2591
176.36398 827.0397
176.41788 799.7514
176.47177 762.0985
176.52359 723.8830
176.57458 687.5838
176.62495 655.9710
176.67387 629.9357
176.72279 604.9337
176.77206 580.9240
176.82128 555.5090
176.86863 531.2058
176.91374 507.9660
176.95884 484.1697
177.00273 460.4055
177.04662 441.4954
177.08884 431.7298
177.12985 422.1801
177.17105 412.8416
177.21330 416.2867
177.25554 421.5201
177.29895 426.8193
177.34284 432.1852
177.38629 437.6185
177.42853 443.1201
177.47078 448.6909
177.51405 454.3317
177.55753 468.3198
177.60277 483.4876
177.65076 499.1467
177.69875 515.3129
177.74010 529.7719
177.78111 540.5832
177.82115 551.6150
177.85979 562.8720
177.89844 574.3588
177.93591 586.0799
177.97337 628.7935
178.01190 672.6159
178.05172 703.3890
178.09155 735.5700
178.13102 768.6042
178.17045 798.3931
178.21033 829.3366
178.25094 861.4794
178.29156 880.9942
178.33317 894.9380
178.37497 909.1025
178.41688 923.4912
178.45908 938.1076
178.50127 952.9553
178.54195 968.0381
178.58217 977.2555
178.62303 985.7234
178.66601 994.2647
178.70899 1002.8799
178.75225 1011.5698
178.79562 1020.3351
178.83913 1029.1762
178.88276 1038.0940
178.92639 1050.3864
178.97095 1063.1956
179.01614 1076.1611
179.06140 1089.2848
179.10892 1102.5684
179.15645 1111.8689
179.20469 1106.5524
179.25378 1101.2612
179.30286 1095.9953
179.35125 1090.7547
179.39956 1085.5391
179.44863 1080.3484
179.49927 1075.1825
179.54991 1061.7428
179.60115 1022.9376
179.65257 985.5506
179.70346 978.3620
179.75216 971.8189
179.80085 965.3196
179.84711 958.8637
179.89190 952.4510
179.93703 946.0811
179.98729 939.7539
180.03754 933.4690
180.08760 929.7116
180.13746 925.9693
180.18733 922.2421
180.23358 918.5299
180.27955 914.8327
180.32664 911.1503
180.37572 907.4827
180.42481 903.8300
180.47544 900.1919
180.52647 896.5684
180.57759 892.9596
180.62901 890.4779
180.68043 888.6839
180.73160 886.8935
180.78263 885.1067
180.83352 883.3235
180.88299 881.5439
180.93247 879.7679
180.98255 877.9955
181.03320 876.2266
181.08384 874.4613
181.13411 872.6996
181.18436 869.9608
181.23568 864.1428
181.28866 858.3636
181.34164 852.6231
181.39159 846.9210
181.44028 841.2570
181.48844 835.6309
181.53199 830.0424
181.57555 821.5940
181.62006 805.1243
181.66618 788.9848
181.71230 773.1688
181.76145 698.9350
181.81233 649.7249
181.86321 613.7028
181.91210 563.6443
181.96078 517.0192
182.00940 513.9385
182.05772 510.8762
182.10603 507.8321
182.15500 504.8061
182.20478 501.7982
182.25456 498.8082
182.30512 495.8360
182.35599 492.8816
182.40687 489.9447
182.45310 486.1713
182.49922 469.3421
182.54561 453.0955
182.59283 437.4113
182.64005 422.2700
182.68867 407.0832
182.73889 391.8943
182.78911 377.2721
182.83811 364.1714
182.88685 362.5427
182.93568 360.9213
182.98516 359.3072
183.03464 357.7003
183.08412 356.1006
183.13360 354.5080
183.18308 352.9226
183.23369 351.3442
183.28465 349.7729
183.33541 348.2086
183.38340 338.2894
183.43139 327.1277
183.48052 316.3342
183.53149 305.5825
183.58246 294.7772
183.63472 284.3541
183.68755 274.4356
183.74036 271.3834
183.79133 268.3652
183.84229 265.3806
183.89267 264.0188
183.94178 263.7237
183.99088 263.4290
184.04079 263.1346
184.09135 262.8405
184.14192 262.5468
184.19212 262.2534
184.24231 267.6104
184.29336 274.9232
184.34619 282.4359
184.39902 290.1539
184.45134 307.9148
184.50342 365.0363
184.55545 411.9010
184.60601 437.7489
184.65658 463.4429
184.70843 485.2425
184.76239 505.1779
184.81636 519.0084
184.86867 521.8120
184.92037 524.6307
184.97195 527.4647
185.02214 530.3139
185.07232 533.1786
185.12170 532.2522
185.17001 529.7071
185.21831 527.1742
185.26543 524.6535
185.31223 522.1447
185.35950 519.6480
185.41282 517.1632
185.46625 514.6903
185.51992 502.4741
185.57375 486.8935
185.62749 471.7960
185.68052 446.2013
185.73355 407.4881
185.78658 401.3821
185.83962 395.3676
185.89251 389.4432
185.94394 383.6075
185.99538 381.2364
186.04658 380.9516
186.09762 380.6671
186.14865 380.3828
186.19969 380.0987
186.25073 379.8148
186.30109 379.5311
186.35093 379.2477
186.40053 378.9644
186.44598 378.6814
186.49144 377.2213
186.53864 373.8614
186.58728 370.5314
186.63580 367.2310
186.68813 363.9601
186.74140 360.7183
186.79672 357.5053
186.85233 353.4661
186.90725 348.7541
186.96192 344.1050
187.01604 339.9278
187.06978 338.7867
187.12351 337.6495
187.17725 336.5160
187.22966 335.3864
187.27919 334.2605
187.32864 333.1385
187.37771 332.0202
187.42681 330.9056
187.47681 329.6990
187.52681 323.8517
187.57430 318.1082
187.62149 312.4665
187.66834 296.0796
187.71506 273.9034
187.76241 238.0342
187.81136 189.3492
187.85920 171.7935
187.90657 155.8655
187.95520 136.6930
188.00415 130.8766
188.05310 128.5556
188.10205 126.2758
188.15731 124.8380
188.21268 124.8380
188.26900 124.8380
188.32542 124.8380
188.38226 124.8380
188.43879 124.8380
188.49458 124.8380
188.55248 124.8380
188.61353 124.8380
188.67379 124.8380
188.73326 125.3669
188.78925 129.8621
188.84119 134.5185
188.89350 139.3419
188.94635 144.3382
188.99824 162.2470
189.04611 194.4741
189.09399 231.1245
189.14452 268.7287
189.19511 312.4513
189.24604 363.2875
189.29708 388.5776
189.34961 410.9256
189.40336 434.5588
189.45711 448.1777
189.51086 448.8235
189.56444 449.4702
189.61683 450.1178
189.66923 450.7663
189.72203 451.4158
189.77488 452.0663
189.82866 452.7176
189.88286 453.3699
189.93885 454.0231
189.99679 454.6773
190.05326 455.3324
190.10577 455.9885
190.15843 456.6455
190.21320 457.3035
190.26798 457.9624
190.32391 457.8424
190.38005 457.0039
190.43968 456.1669
190.50125 455.3315
190.56282 454.4975
190.62438 453.6651
190.68503 452.8343
190.74252 452.0050
190.80009 451.1771
190.86211 450.3508
190.92413 449.5260
190.98175 448.7028
191.03834 447.8810
191.09547 443.6932
191.15296 439.5445
191.21081 435.4347
191.26921 431.3632
191.32711 427.3299
191.38279 424.5290
191.43847 424.5290
191.49459 424.5290
191.55073 424.5290
191.60479 424.5290
191.65821 424.5290
191.71313 424.5290
191.76926 424.5290
191.82336 424.5290
191.87361 424.5290
191.92374 424.5290
191.97308 424.5290
192.02243 424.5290
192.06841 424.5290
192.11413 424.5290
192.16083 424.5290
192.20791 424.5290
192.25430 424.5290
192.30002 424.5290
192.34559 424.5290
192.38957 424.5290
192.43355 424.5290
192.48496 424.5290
192.53663 424.5290
192.58696 424.5290
192.63649 424.5290
192.68686 424.5290
192.73938 424.5290
192.79190 424.5290
192.84241 424.5290
192.89280 424.5290
192.94267 424.5290
192.99220 424.5290
193.04118 424.5290
193.08858 424.5290
193.13597 424.7234
193.18845 434.5598
193.24139 444.6241
193.29630 454.9214
193.35266 465.4572
193.40833 476.2369
193.46170 488.2917
193.51508 502.6986
193.57003 517.5306
193.62554 532.8001
193.68076 534.1381
193.73582 534.2437
193.79139 534.3493
193.84779 534.4550
193.90390 534.5606
193.95807 534.6663
194.01224 534.7720
194.06953 534.8777
194.12725 534.9835
194.18221 535.0892
194.23550 535.1950
194.28977 535.3008
194.34573 535.4066
194.40136 535.5125
194.45464 535.6183
194.50793 535.7242
194.56160 535.8301
194.61533 535.9361
194.66824 536.0420
194.72064 536.1480
194.77403 536.2540
194.83151 536.3600
194.89030 536.4660
194.95175 536.5721
195.01118 536.6781
195.06619 536.7843
195.12076 536.8904
195.17428 536.9965
195.22820 537.1027
195.28321 537.2088
195.33809 537.3150
195.39260 537.4213
195.44722 537.5275
195.50223 537.6338
195.55569 537.7400
195.60376 537.8464
195.65223 537.9527
195.70228 538.0590
195.75316 535.3686
195.80767 522.9415
195.86207 510.8028
195.91712 498.9459
195.97206 487.3642
196.02660 478.1642
196.08028 470.2094
196.13124 462.3870
196.18321 454.6946
196.23774 447.8633
196.29163 447.6862
196.34413 447.5091
196.39699 447.3322
196.45051 447.1553
196.50222 446.9785
196.55115 446.8017
196.60250 446.6250
196.65703 446.4484
196.71133 446.2718
196.76536 446.0954
196.81809 445.9189
196.86957 445.7426
196.92296 445.5663
196.97914 445.3901
197.03490 445.2140
197.09051 445.0380
197.14504 444.8620
197.19910 444.6860
197.25135 444.5102
197.30406 444.4680
197.35743 444.4680
197.41151 444.4680
197.46600 444.4680
197.51954 444.4680
197.57258 444.4680
197.62146 444.4680
197.67066 444.4680
197.72066 444.4680
197.77182 444.4680
197.82406 444.4680
197.87682 444.4680
197.93009 443.5146
197.98278 439.5641
198.03529 435.6489
198.08740 431.7685
198.13809 427.9226
198.18786 424.1110
198.23972 420.3334
198.29238 417.9424
198.34742 417.5912
198.40105 417.2403
198.45316 416.8897
198.50526 416.5394
198.55714 416.1894
198.60574 415.8397
198.65329 415.4902
198.69896 415.1411
198.74719 414.7922
198.79678 414.4437
198.84965 414.0954
198.90235 413.7475
198.95369 413.3998
199.00444 413.0524
199.05462 412.7053
199.10479 412.3585
199.15501 412.0120
199.20577 411.7350
199.25610 411.7350
199.30570 411.7350
199.35605 411.7350
199.40681 411.7350
199.45756 411.7350
199.50819 411.7350
199.55837 411.7350
199.60954 411.7350
199.66156 411.7350
199.71313 411.7350
199.76435 411.7350
199.81017 411.7350
199.85625 411.7350
199.90315 411.7350
199.95033 411.7350
199.99779 407.9809
200.04608 393.8582
200.09467 380.2244
200.14161 367.0626
200.18919 354.3564
200.23947 338.8914
200.29000 322.7990
200.34085 307.4708
200.39169 292.8705
200.44254 278.1970
200.49152 260.1806
200.53997 259.9623
200.58741 259.7441
200.63448 259.5261
200.68028 259.3083
200.72672 259.0906
200.77416 258.8732
200.82129 258.6559
200.86818 258.4389
200.91587 258.2220
200.96385 258.0052
201.01135 257.7887
201.05862 257.5723
201.10334 257.3562
201.14964 257.1402
201.20144 256.9244
201.25239 256.7088
201.30200 256.4933
201.34817 256.2780
201.39079 256.2350
